196 -7.6052e+00
135 -7.5536e+00
1591 -5.0811e+00
11 -2.6560e+00
1317 -2.0714e+00
1281 -1.7089e+00
1882 -1.4020e+00
1582 -1.2324e+00
1473 -1.1934e+00
1896 -1.0131e+00
1737 -9.1766e-01
1925 -6.4350e-01
1888 -6.2039e-01
404 -4.7830e-01
397 -3.6181e-01
648 -2.7232e-01
633 -2.3172e-01
1096 -2.1810e-01
884 -1.8817e-01
645 -1.7655e-01
1278 -1.3859e-01
1838 -1.3573e-01
1569 -1.2528e-01
852 -1.1158e-01
1273 -1.0705e-01
1011 -7.6652e-02
1927 -7.2863e-02
1184 -5.9186e-02
1764 -5.7684e-02
1626 -5.3783e-02
1567 -5.2455e-02
1448 -4.5195e-02
1351 -4.2184e-02
553 -3.8680e-02
608 -3.4921e-02
969 -2.6573e-02
1663 -2.4872e-02
1702 -2.2656e-02
758 -2.2418e-02
636 -2.1350e-02
178 -1.8183e-02
1439 -1.7919e-02
1734 -1.7879e-02
1051 -1.7605e-02
85 -1.5533e-02
400 -1.3268e-02
827 -1.2887e-02
1999 -1.2418e-02
591 -1.1493e-02
750 -1.1131e-02
1255 -1.0899e-02
1484 -1.0808e-02
1936 -1.0584e-02
1060 -1.0383e-02
568 -9.0943e-03
656 -9.0134e-03
886 -8.5921e-03
1532 -8.1562e-03
803 -8.0337e-03
516 -8.0115e-03
1902 -7.8227e-03
1359 -7.6550e-03
1171 -7.6513e-03
1044 -7.4043e-03
1916 -6.9655e-03
440 -6.5360e-03
1500 -6.1892e-03
1529 -5.9189e-03
1531 -5.3457e-03
1676 -5.2289e-03
952 -5.0978e-03
69 -4.9840e-03
1833 -4.9194e-03
744 -4.7971e-03
79 -4.7072e-03
1269 -4.6150e-03
1293 -4.3788e-03
1713 -4.3207e-03
393 -4.2654e-03
80 -3.9866e-03
456 -3.9133e-03
1450 -3.8414e-03
1054 -3.3746e-03
921 -3.3691e-03
1052 -3.1769e-03
1506 -2.8598e-03
119 -2.7598e-03
1402 -2.6742e-03
1865 -2.6529e-03
774 -2.5789e-03
1545 -2.4553e-03
989 -2.3725e-03
298 -2.3409e-03
308 -2.3209e-03
213 -2.2235e-03
961 -2.1641e-03
1248 -2.1443e-03
42 -2.0925e-03
1018 -2.0594e-03
1600 -1.9598e-03
1343 -1.9066e-03
352 -1.8850e-03
19 -1.8419e-03
1474 -1.7070e-03
1588 -1.6975e-03
471 -1.5909e-03
1869 -1.4933e-03
683 -1.4791e-03
122 -1.3661e-03
965 -1.3644e-03
828 -1.3217e-03
1939 -1.2065e-03
339 -1.1830e-03
1479 -1.1698e-03
980 -1.0692e-03
670 -9.8363e-04
1558 -9.1815e-04
818 -8.7172e-04
214 -8.4721e-04
1520 -8.0749e-04
1037 -6.7534e-04
692 -6.7119e-04
1610 -6.5861e-04
185 -6.3846e-04
1008 -6.0008e-04
771 -5.8908e-04
796 -4.2571e-04
990 -4.0155e-04
1112 -3.9055e-04
742 -3.0838e-04
33 -3.0383e-04
125 -2.4296e-04
457 -2.0905e-04
1646 -2.0652e-04
261 -1.8624e-04
249 -1.1896e-04
970 -1.1620e-04
754 -8.9553e-05
1752 -1.5131e-05
1801 -8.4105e-06
1397 1.1725e-05
171 3.5516e-05
958 3.6653e-05
82 5.9908e-05
346 6.8282e-05
1103 1.1979e-04
663 1.7766e-04
87 1.9326e-04
804 2.0473e-04
1082 2.9096e-04
1827 2.9171e-04
1031 2.9503e-04
1832 2.9623e-04
1849 3.6339e-04
910 3.6977e-04
994 4.2631e-04
693 4.3103e-04
1800 4.6329e-04
1619 4.7051e-04
1042 4.7183e-04
1163 4.7776e-04
31 4.8678e-04
1063 4.8700e-04
1793 4.8805e-04
1226 5.2397e-04
1224 5.5011e-04
1221 6.2754e-04
102 6.3773e-04
1232 6.3801e-04
1571 6.4456e-04
1209 6.6652e-04
359 6.8128e-04
1137 6.8259e-04
77 6.8602e-04
1683 7.4610e-04
356 7.5624e-04
1961 7.8446e-04
1364 7.9390e-04
36 7.9400e-04
809 8.0024e-04
1147 8.3403e-04
1384 8.3645e-04
517 8.5795e-04
907 8.6439e-04
1110 9.1913e-04
317 9.3229e-04
1519 9.3514e-04
1238 9.3644e-04
601 9.6367e-04
983 9.6849e-04
366 9.7001e-04
1788 9.7446e-04
729 9.8546e-04
1332 9.8691e-04
1844 1.0052e-03
1024 1.0106e-03
501 1.0287e-03
1087 1.0332e-03
1973 1.0383e-03
1435 1.0709e-03
