196 -1.3745e+01
135 -1.2678e+01
1591 -1.0540e+01
1281 -5.5660e+00
11 -4.9535e+00
1317 -3.8658e+00
1882 -2.8691e+00
1473 -2.3957e+00
1582 -2.2892e+00
1896 -2.0471e+00
1737 -1.7543e+00
1888 -1.6085e+00
1925 -1.2729e+00
404 -1.0210e+00
397 -6.3559e-01
884 -5.1110e-01
633 -4.9185e-01
648 -4.9124e-01
1096 -4.5577e-01
645 -3.6608e-01
1838 -3.3717e-01
1278 -2.8738e-01
852 -2.3384e-01
1273 -2.2831e-01
1569 -2.1998e-01
1927 -2.1930e-01
1011 -1.6554e-01
1626 -1.1926e-01
1351 -1.0400e-01
1184 -1.0355e-01
1764 -9.4655e-02
1567 -9.4205e-02
553 -8.7143e-02
608 -7.9682e-02
1448 -7.6493e-02
1734 -7.0420e-02
1663 -5.7974e-02
636 -5.4548e-02
1702 -5.2821e-02
178 -4.7261e-02
758 -4.5694e-02
1439 -4.5615e-02
969 -4.4056e-02
85 -4.3260e-02
827 -3.6355e-02
1999 -3.3240e-02
591 -3.1145e-02
1500 -3.0628e-02
1902 -2.7904e-02
1051 -2.6709e-02
400 -2.2820e-02
1532 -2.2186e-02
1936 -1.9301e-02
1484 -1.7434e-02
1293 -1.4568e-02
1450 -1.4440e-02
774 -1.4054e-02
750 -1.3801e-02
1171 -1.2863e-02
886 -1.2852e-02
1060 -1.2789e-02
803 -1.1194e-02
568 -1.1162e-02
683 -9.9033e-03
1255 -9.8604e-03
516 -9.7237e-03
1833 -9.2417e-03
1044 -9.0878e-03
119 -9.0346e-03
1916 -8.6978e-03
1618 -8.2449e-03
440 -6.5584e-03
656 -6.5305e-03
69 -6.3710e-03
1269 -6.1727e-03
1683 -6.0527e-03
952 -6.0276e-03
1529 -5.8716e-03
970 -5.1092e-03
1446 -5.0384e-03
1531 -4.9511e-03
1676 -4.8123e-03
1619 -4.6459e-03
393 -4.6340e-03
729 -4.4775e-03
693 -4.1773e-03
456 -3.8951e-03
1545 -3.8198e-03
474 -3.7046e-03
818 -3.6708e-03
919 -3.4415e-03
1052 -3.2526e-03
1713 -3.1998e-03
1571 -3.1396e-03
1588 -3.0485e-03
79 -2.9522e-03
80 -2.6904e-03
828 -2.6275e-03
308 -2.5201e-03
1865 -2.1952e-03
352 -2.0792e-03
471 -2.0024e-03
1506 -1.9183e-03
989 -1.7532e-03
339 -1.5949e-03
921 -1.5366e-03
1402 -1.3160e-03
42 -1.2655e-03
19 -1.0167e-03
122 -9.7678e-04
298 -6.8897e-04
1600 -6.8157e-04
1520 -6.6932e-04
961 -5.8257e-04
1248 -5.0161e-04
1869 -4.5767e-04
214 -3.0955e-04
1479 -1.7373e-04
1474 -1.1426e-04
980 1.1157e-04
771 1.1261e-04
358 1.2890e-04
1040 2.8108e-04
1801 3.0409e-04
94 3.8607e-04
125 4.0984e-04
1018 4.4192e-04
1939 4.5471e-04
1646 4.7004e-04
33 4.9683e-04
1343 6.2493e-04
647 6.5653e-04
1359 7.9270e-04
317 9.7819e-04
1433 9.8285e-04
744 1.0241e-03
1112 1.0261e-03
171 1.1180e-03
1558 1.1285e-03
1752 1.1492e-03
742 1.2023e-03
359 1.2684e-03
796 1.3603e-03
766 1.3753e-03
249 1.3892e-03
185 1.4162e-03
670 1.4344e-03
906 1.4647e-03
990 1.5301e-03
346 1.5505e-03
457 1.5570e-03
1841 1.6255e-03
1224 1.6405e-03
663 1.6724e-03
356 1.7172e-03
1793 1.7184e-03
1788 1.7364e-03
994 1.7387e-03
1008 1.7934e-03
261 1.7990e-03
1827 1.7994e-03
1610 1.8078e-03
1776 1.8309e-03
1082 1.8372e-03
82 1.8422e-03
253 1.8710e-03
1879 1.9494e-03
754 1.9656e-03
958 2.0714e-03
1832 2.1341e-03
213 2.1398e-03
102 2.1497e-03
36 2.1786e-03
965 2.1849e-03
910 2.2368e-03
1226 2.2424e-03
804 2.3067e-03
1849 2.3445e-03
1422 2.3519e-03
1037 2.4162e-03
501 2.4866e-03
1384 2.5153e-03
1030 2.5495e-03
635 2.5817e-03
1063 2.5845e-03
1122 2.5888e-03
543 2.5894e-03
517 2.6053e-03
1209 2.6252e-03
1163 2.6332e-03
1054 2.6701e-03
31 2.6836e-03
907 2.6895e-03
1487 2.6990e-03
366 2.7349e-03
1369 2.7433e-03
983 2.7447e-03
1110 2.7449e-03
692 2.7637e-03
1859 2.7647e-03
