696 -7.6052e+00
635 -7.5536e+00
2091 -5.0811e+00
511 -2.6560e+00
1817 -2.0714e+00
1781 -1.7089e+00
2382 -1.4020e+00
2082 -1.2324e+00
1973 -1.1934e+00
2396 -1.0131e+00
2237 -9.1766e-01
2425 -6.4350e-01
2388 -6.2039e-01
904 -4.7830e-01
897 -3.6181e-01
1148 -2.7232e-01
1133 -2.3172e-01
1596 -2.1810e-01
1384 -1.8817e-01
1145 -1.7655e-01
1778 -1.3859e-01
2338 -1.3573e-01
2069 -1.2528e-01
1352 -1.1158e-01
1773 -1.0705e-01
1511 -7.6652e-02
2427 -7.2863e-02
1684 -5.9186e-02
2264 -5.7684e-02
2126 -5.3783e-02
2067 -5.2455e-02
1948 -4.5195e-02
1851 -4.2184e-02
1053 -3.8680e-02
1108 -3.4921e-02
1469 -2.6573e-02
2163 -2.4872e-02
2202 -2.2656e-02
1258 -2.2418e-02
1136 -2.1350e-02
678 -1.8183e-02
1939 -1.7919e-02
2234 -1.7879e-02
1551 -1.7605e-02
585 -1.5533e-02
900 -1.3268e-02
1327 -1.2887e-02
2499 -1.2418e-02
1091 -1.1493e-02
1250 -1.1131e-02
1755 -1.0899e-02
1984 -1.0808e-02
2436 -1.0584e-02
1560 -1.0383e-02
1068 -9.0943e-03
1156 -9.0134e-03
1386 -8.5921e-03
2032 -8.1562e-03
1303 -8.0337e-03
1016 -8.0115e-03
2402 -7.8227e-03
1859 -7.6550e-03
1671 -7.6513e-03
1544 -7.4043e-03
2416 -6.9655e-03
940 -6.5360e-03
2000 -6.1892e-03
2029 -5.9189e-03
2031 -5.3457e-03
2176 -5.2289e-03
1452 -5.0978e-03
569 -4.9840e-03
2333 -4.9194e-03
1244 -4.7971e-03
579 -4.7072e-03
1769 -4.6150e-03
1793 -4.3788e-03
2213 -4.3207e-03
893 -4.2654e-03
580 -3.9866e-03
956 -3.9133e-03
1950 -3.8414e-03
1554 -3.3746e-03
1421 -3.3691e-03
1552 -3.1769e-03
2006 -2.8598e-03
619 -2.7598e-03
1902 -2.6742e-03
2365 -2.6529e-03
1274 -2.5789e-03
2045 -2.4553e-03
1489 -2.3725e-03
798 -2.3409e-03
808 -2.3209e-03
713 -2.2235e-03
1461 -2.1641e-03
1748 -2.1443e-03
542 -2.0925e-03
1518 -2.0594e-03
2100 -1.9598e-03
1843 -1.9066e-03
852 -1.8850e-03
519 -1.8419e-03
1974 -1.7070e-03
2088 -1.6975e-03
971 -1.5909e-03
2369 -1.4933e-03
1183 -1.4791e-03
622 -1.3661e-03
1465 -1.3644e-03
1328 -1.3217e-03
2439 -1.2065e-03
839 -1.1830e-03
1979 -1.1698e-03
1480 -1.0692e-03
1170 -9.8363e-04
2058 -9.1815e-04
1318 -8.7172e-04
714 -8.4721e-04
2020 -8.0749e-04
1537 -6.7534e-04
1192 -6.7119e-04
2110 -6.5861e-04
685 -6.3846e-04
1508 -6.0008e-04
1271 -5.8908e-04
1296 -4.2571e-04
1490 -4.0155e-04
1612 -3.9055e-04
1242 -3.0838e-04
533 -3.0383e-04
625 -2.4296e-04
957 -2.0905e-04
2146 -2.0652e-04
761 -1.8624e-04
749 -1.1896e-04
1470 -1.1620e-04
1254 -8.9553e-05
2252 -1.5131e-05
2301 -8.4105e-06
1897 1.1725e-05
671 3.5516e-05
1458 3.6653e-05
582 5.9908e-05
846 6.8282e-05
1603 1.1979e-04
1163 1.7766e-04
587 1.9326e-04
1304 2.0473e-04
1582 2.9096e-04
2327 2.9171e-04
1531 2.9503e-04
2332 2.9623e-04
2349 3.6339e-04
1410 3.6977e-04
1494 4.2631e-04
1193 4.3103e-04
2300 4.6329e-04
2119 4.7051e-04
1542 4.7183e-04
1663 4.7776e-04
531 4.8678e-04
1563 4.8700e-04
2293 4.8805e-04
1726 5.2397e-04
1724 5.5011e-04
1721 6.2754e-04
602 6.3773e-04
1732 6.3801e-04
2071 6.4456e-04
1709 6.6652e-04
859 6.8128e-04
1637 6.8259e-04
577 6.8602e-04
2183 7.4610e-04
856 7.5624e-04
2461 7.8446e-04
1864 7.9390e-04
536 7.9400e-04
1309 8.0024e-04
1647 8.3403e-04
1884 8.3645e-04
1017 8.5795e-04
1407 8.6439e-04
1610 9.1913e-04
817 9.3229e-04
2019 9.3514e-04
1738 9.3644e-04
1101 9.6367e-04
1483 9.6849e-04
866 9.7001e-04
2288 9.7446e-04
1229 9.8546e-04
1832 9.8691e-04
2344 1.0052e-03
1524 1.0106e-03
1001 1.0287e-03
1587 1.0332e-03
2473 1.0383e-03
1935 1.0709e-03
