696 -1.3745e+01
635 -1.2678e+01
2091 -1.0540e+01
1781 -5.5660e+00
511 -4.9535e+00
1817 -3.8658e+00
2382 -2.8691e+00
1973 -2.3957e+00
2082 -2.2892e+00
2396 -2.0471e+00
2237 -1.7543e+00
2388 -1.6085e+00
2425 -1.2729e+00
904 -1.0210e+00
897 -6.3559e-01
1384 -5.1110e-01
1133 -4.9185e-01
1148 -4.9124e-01
1596 -4.5577e-01
1145 -3.6608e-01
2338 -3.3717e-01
1778 -2.8738e-01
1352 -2.3384e-01
1773 -2.2831e-01
2069 -2.1998e-01
2427 -2.1930e-01
1511 -1.6554e-01
2126 -1.1926e-01
1851 -1.0400e-01
1684 -1.0355e-01
2264 -9.4655e-02
2067 -9.4205e-02
1053 -8.7143e-02
1108 -7.9682e-02
1948 -7.6493e-02
2234 -7.0420e-02
2163 -5.7974e-02
1136 -5.4548e-02
2202 -5.2821e-02
678 -4.7261e-02
1258 -4.5694e-02
1939 -4.5615e-02
1469 -4.4056e-02
585 -4.3260e-02
1327 -3.6355e-02
2499 -3.3240e-02
1091 -3.1145e-02
2000 -3.0628e-02
2402 -2.7904e-02
1551 -2.6709e-02
900 -2.2820e-02
2032 -2.2186e-02
2436 -1.9301e-02
1984 -1.7434e-02
1793 -1.4568e-02
1950 -1.4440e-02
1274 -1.4054e-02
1250 -1.3801e-02
1671 -1.2863e-02
1386 -1.2852e-02
1560 -1.2789e-02
1303 -1.1194e-02
1068 -1.1162e-02
1183 -9.9033e-03
1755 -9.8604e-03
1016 -9.7237e-03
2333 -9.2417e-03
1544 -9.0878e-03
619 -9.0346e-03
2416 -8.6978e-03
2118 -8.2449e-03
940 -6.5584e-03
1156 -6.5305e-03
569 -6.3710e-03
1769 -6.1727e-03
2183 -6.0527e-03
1452 -6.0276e-03
2029 -5.8716e-03
1470 -5.1092e-03
1946 -5.0384e-03
2031 -4.9511e-03
2176 -4.8123e-03
2119 -4.6459e-03
893 -4.6340e-03
1229 -4.4775e-03
1193 -4.1773e-03
956 -3.8951e-03
2045 -3.8198e-03
974 -3.7046e-03
1318 -3.6708e-03
1419 -3.4415e-03
1552 -3.2526e-03
2213 -3.1998e-03
2071 -3.1396e-03
2088 -3.0485e-03
579 -2.9522e-03
580 -2.6904e-03
1328 -2.6275e-03
808 -2.5201e-03
2365 -2.1952e-03
852 -2.0792e-03
971 -2.0024e-03
2006 -1.9183e-03
1489 -1.7532e-03
839 -1.5949e-03
1421 -1.5366e-03
1902 -1.3160e-03
542 -1.2655e-03
519 -1.0167e-03
622 -9.7678e-04
798 -6.8897e-04
2100 -6.8157e-04
2020 -6.6932e-04
1461 -5.8257e-04
1748 -5.0161e-04
2369 -4.5767e-04
714 -3.0955e-04
1979 -1.7373e-04
1974 -1.1426e-04
1480 1.1157e-04
1271 1.1261e-04
858 1.2890e-04
1540 2.8108e-04
2301 3.0409e-04
594 3.8607e-04
625 4.0984e-04
1518 4.4192e-04
2439 4.5471e-04
2146 4.7004e-04
533 4.9683e-04
1843 6.2493e-04
1147 6.5653e-04
1859 7.9270e-04
817 9.7819e-04
1933 9.8285e-04
1244 1.0241e-03
1612 1.0261e-03
671 1.1180e-03
2058 1.1285e-03
2252 1.1492e-03
1242 1.2023e-03
859 1.2684e-03
1296 1.3603e-03
1266 1.3753e-03
749 1.3892e-03
685 1.4162e-03
1170 1.4344e-03
1406 1.4647e-03
1490 1.5301e-03
846 1.5505e-03
957 1.5570e-03
2341 1.6255e-03
1724 1.6405e-03
1163 1.6724e-03
856 1.7172e-03
2293 1.7184e-03
2288 1.7364e-03
1494 1.7387e-03
1508 1.7934e-03
761 1.7990e-03
2327 1.7994e-03
2110 1.8078e-03
2276 1.8309e-03
1582 1.8372e-03
582 1.8422e-03
753 1.8710e-03
2379 1.9494e-03
1254 1.9656e-03
1458 2.0714e-03
2332 2.1341e-03
713 2.1398e-03
602 2.1497e-03
536 2.1786e-03
1465 2.1849e-03
1410 2.2368e-03
1726 2.2424e-03
1304 2.3067e-03
2349 2.3445e-03
1922 2.3519e-03
1537 2.4162e-03
1001 2.4866e-03
1884 2.5153e-03
1530 2.5495e-03
1135 2.5817e-03
1563 2.5845e-03
1622 2.5888e-03
1043 2.5894e-03
1017 2.6053e-03
1709 2.6252e-03
1663 2.6332e-03
1554 2.6701e-03
531 2.6836e-03
1407 2.6895e-03
1987 2.6990e-03
866 2.7349e-03
1869 2.7433e-03
1483 2.7447e-03
1610 2.7449e-03
1192 2.7637e-03
2359 2.7647e-03
